74,36
74,35
67,3
67,2
8,10
67,1
8,15
8,13
67,0
66,6
8,1
66,5
8,5
66,4
8,2
66,3
66,2
8,3
66,1
0,433
66,0
65,7
65,6
65,5
65,4
65,3
65,2
65,1
65,0
64,7
64,6
64,5
64,4
64,3
12,2
64,2
12,1
64,1
12,3
64,0
63,7
63,6
63,5
63,4
63,3
63,2
63,1
63,0
62,7
62,6
62,5
62,4
62,3
62,2
62,1
62,0
61,7
61,6
61,5
61,4
61,3
61,2
61,1
61,0
60,7
60,6
60,5
60,4
60,3
60,2
60,1
60,0
59,7
59,6
59,5
59,4
59,3
59,2
59,1
59,0
58,7
58,6
58,5
58,4
58,3
58,2
58,1
58,0
57,6
57,5
57,4
57,3
57,2
57,1
57,0
56,7
56,6
56,5
56,4
56,3
20,2
56,2
20,1
56,1
20,3
56,0
55,7
55,6
55,5
55,4
55,3
19,2
55,2
19,1
55,1
19,3
55,0
54,8
54,7
54,6
54,5
54,4
54,3
54,2
54,1
54,0
53,7
53,6
53,5
53,4
53,3
53,2
53,1
53,0
52,3
52,2
52,1
52,0
51,5
51,4
51,3
51,2
51,1
51,0
50,5
18,1
50,4
50,1
18,3
50,3
28,8
14,6
14,3
28,7
13,1
28,1
13,3
28,6
26,13
26,12
